00000000000000000000000000000000000000000000000000000000000000000000000000000000000000000000000000000000000000000000000000000000000000000000000000000000000000000000000000000000
00000000000000000000000000000000000000000000000000000000000000000000000000000000000000000000000000000000000000000000000000000000000000000000000000000000000000000000000000000000
00000000000000000000000000000000000000000000000000000000000000000000000000000000000000000000000000000000000000000000000000000000000000000000000000000000000000000000000000000000
00000000000000000000000000000000000000000000000000000000000000000000000000000000000000000000000000000000000000000000000000000000000000000000000000000000000000000000000000000000
00000000000000000000000000000000000000000000000000000000000000000000000000000000000000000000000000000000000000000000000000000000000000000000000000000000000000000000000000000000
00000000000000000000000000000000000000000000000000000000000000000000000000000000000000000000000000000000000000000000000000000000000000000000000000000000000000000000000000000000
00000000000000000000000000000000000000000000000000000000000000000000000000000000000000000000000000000000000000000000000000000000000000000000000000000000000000000000000000000000
00000000000000000000000000000000000000000000000000000000000000000000000000000000000000000000000000000000000000000000000000000000000000000000000000000000000000000000000000000000
00000000000000000000000000000000000000000000000000000000000000000000000000000000000000000000000000000000000000000000000000000000000000000000000000000000000000000000000000000000
00000000000000000000000000000000000000000000000000000000000000000000000000000000000000888800000008888888888886888888800008888888887888888888888888888888888888888888888888800000
00000000000000000000000000000000000000000000000000000000000000000000000000000000000000800888888888000008000000000000800008000000000000000000000000000000800000000000000000800000
00000000000000000000000000000000000000000000000000000000000000000000000000000000000008800000080008000008000000000000800008888888888888888888888888888888800000000000000000800000
00000000000000000000000000000000000000000000000000000000000000000000000000000000000008000000088808000008000000000000800008000000000000000000000000000000800000000000000000800000
00000000000000000000000000000000000000000000000008880000000000000000000000000000000088000000000888000006000000000000800008000000000000000000000000000000870000000000000000800000
00000000000000000000000000000000300000000000000000080000000000000000000000000000000080000000000008000000000000000000800008000000000000000000000000000000800000000000000000800000
00000000000000058800000000000000800000000000000000080000000000000000000000000000000880000000000008000000000000000000800008000000000000000000000000000000800000888888888000800000
00000000000000000800000000008888800000000000000000080000000000000000000000000000000800000000000008000000000000000000800008000000000000000000000000000000800000800000008000800000
00000000000000000800000000008000000000000000000000080000000000000888888880000000008800000000000008000000000000000000800008000000000000000000000000000000850000800000008000800000
00000000000000000800000000008000000000000000000000088888888888888800000088888000008000000000000008000000000000000000800008000000000000000000000000000000800000800000008000800000
00000000000000000800000088888000000000000000000000008000000000000000000000008888888000000000000008000000000000000000800008000000000000000000000000000000800000800000008888800000
00000000000000000800000080000000000000000000000000008000000000000000000000000000080000000000000000000000000000000000800008000000000000000000000000000000800000800000000000800000
00000000000000000800000080000000000000000000000000088000000000000000000000000000080000000000000000000000000000000000800008000000000000000000000000000000800000800000000000800000
00000000000000008800000080000000000000000000000000080000000000000000000000000000880000000000000000000000000000000000800008000000000000000000000000000000800000800000000000800000
00000000000000008000088880000000000800000000000000880000000000000000000000000000800000000000000000000000000000000000800008000000000000000000000000000000888888800000000000800000
00000000000000008000080000000000000800000000000000800000000000000000000000000000800000000000000000000860000000000000800008000000000000000000000000000000800000000000000000800000
00000000000000008000080000000000000888888888888888800000000000000000000000000008800000000000000000000800000000000000800008000000000000000000000000000000800000000000000000800000
00000000000000008000088888888888880800000000000000000000000000000000000000000008000000000000000000000800000000000000800008000000000000000000000000000000800000000000000000800000
00000000000000008000080000000000088800000000000000000000000000000000000000000008000000000000000000088800000000000000800008000000000000000000000000000000800000000000000000800000
00000000000000008000080000000000000888880000000000000000000000000000000000000088000000000000000088880800000000000000800008000000000000000000000000000000800000000000000000800000
00000000000000008000080000000000000000088880000000000000000000000000000000000880000000000000008880000800000000000000800008000000000000000000000000000000800000000000000000800000
00000000000000008000080000000000000000000088888000000000000000000000000000008800000000000000888000000888000000000000800008000000000000000000000000000000800000000000000000800000
00000000000000008000080000000000000000000000008880000000000000000000000000008000000000000088800000000808000000000000800008000000000000000000000000000000800000000000000000800000
00000000000000008000080000000000000000000000000088880000000000000000000000008000000000008880000000000808000000000000800008000000000000000000000000000000800000000000000000800000
00000000000000008000080000000000000000000000000000088888800000000000000000088000000008888000000000000808000000000000800008000000000000000000000000000000800000000000000000800000
00000000000000008000080000000000000000000000000000008000888888000000000000080000000088000000000000000808800000000000800008000000000000000000000000000000800000000000000000800000
00000000000000008000080000000000000000000000000000008000000008888888000000080000000880000000000000000800800000000000800008000000000000000000000000000000800000000000000000800000
00000000000000008000080000700000000888888000000000088000000000080008888888888888888800000000000000000800800000000000800008000000000000000000000000000000800000000000000000800000
00000000000000008000080000800000000808008000000000080000000000080000000008008000000880000000000000000800880000000000800008000000000000000000000000000000800000000000000000800000
00000000000000008000080000800000000808088000000000080000000000080000008888008000000080000000000000000800080000000000800008000000000000000000000000000000800000000000000000800000
00000000000000008000080000800000000808080000000000080000000000880000088008008000000088000000000000000800080000000000800008000000000000000000000000000000800000000000000000800000
00000000000000008000080000800000000808080000000000080000000088800000880008008000000008000000000000000800088000000000800008000000000000000000000000000000800000000000000000800000
00000000000000008000380000800000000808080000000000880000000080800008800008008000000008000000000000000800008000000000800008000000000000000000000000000000800000000000000000800000
00000000000000008000080000800000000808880000000000800000000080800008000008008000000008800000000000008800008800000000800008000000000000000000000000000000888888880000000000800000
00000000000000008000080000800000000808000000000000800000008880800088000088008000000000888000000000008000000800000000800008000000000000000000000000000000800000080000000000800000
00000000000000008000080000800000000808000000000000800000000088888880000080008000000000088800000000008000000888000000800008000000000000000000000000000000800000080000000000800000
00000000000000008000080000800000000808000000000008800000000000000088880880008000000000080880000000088000000008000000800008000000000000000000000000000000800000080000000000800000
00000000000000008000080000800000000888000000000008000000000000000080088800088000000000088088000000080000000008000000800008000000000000000000000000000000800000080000000000800000
00000000000000008880080000800000000808000000000008000000000000000880070800888000000000008008800000080000000008000000800008000000000000000000000000000000800000080000000000800000
00000000000000000088888888888700000808000000000008000000000000000800000888808888000000008000888000080000000008800000800008000000000000000000000000000000800000080000000000800000
00000000000000000080000000000000000808000000000008000000000000000800000080000008888000008000008888888000000000800000800008000000000000000000000000000000800000080000000000800000
00000000000000000080000000000000000888000000000008888800000088888800000080000000008000008800000080808000000000880000800008000000000000000000000000000000800000088888888888800000
00000000000000000080000000000000000800000088888888000888800080000000000080000000008000000800000880808880000000088000800008000000000000000000000000000000800000000000000000800000
00000000000000000080000000000000000888888880000000000000888880000000000080000000008000000880008800800088000000008000800008000000000000000000000000000000800000000000000000800000
00000000000000000080000000000000008800000000000000000000800000000000000080000000008000000080088088888008800000008800800008000000000000000000000000000000800000000000000000800000
00000000000000000080000000000000008000000000000000000000800000000000000080000000008000000080880080808000880000000880800008000000000000000000000000000000800000000000000000800000
00000000000000000088888888888888888000000000000000000008800000000000000484000000008000000088800880808880088000000080800003000000000000000000888888888888800000000000000000800000
00000000000000000080000000000000000000000000000000000008000000000000000080000000008000000008800800800080008000000080800008000000000000000000800000000000800000000000000000800000
00000000000000000080000000000000000000000000000000000008000000000000000080000000008000000008888888288888888888888888880008000000000000000000800000000000800000000000000000800000
00000000000000000080000000000000000000000000000000000008000000000000000080000000008000000078888888888888888888888888880008000000000000000000800000000000850000000000000000800000
00000000000000008880000000000000000000000000000000000008000000000000000084000000008000000008000800800080008000000080880008000000000000000000800000000000800000000000000000800000
00000000000000008000000000000000000000000000000008888888000000000000000080000000008000000008000880800880088600000080888888888000000000000000800000000000800000000000000000800000
00000000000000008000000000000000000000000000000008000000000000000000000080000000008000000008800080800800880000000080880008008888888888888888800000000000888888888888888888800000
00000000000000008000000000000000000000000000000008000000000000000000888880000000008000000088880088888808800000000080880008808000000000000000000000000000800000000000000000800000
00000000000000008000000000000000000000000000000008000000000000000000800000000000008000000080088000800088000000000080880000808000000000000000000000000000800000000000000000800000
00000000000000008000000000000000000000000000000788888888888888880088800000000000008000000880008880808880000000000080880000808000000000000000000000000000800000000000000000800000
00000000000000008000000000000000000000000000000000000000000008088080000000000008888000000800000088888000000000008880880000808840000000000000000000000000800000000000000000800000
00000000000000008000000000000000000000000000000000000000000008008880000000000088000000000800000088000000000000008000880000800000000000000000000000000000800000000000000000800000
00000000000000008000000000000000000000000000000000000000000008000080000888888880000000008800000888800000000000008000880000800000000000000000000000000000800000000000000000800000
00000000000000388000000000000000000000000000000000000000048808000088088800008000000000008000088800880000000000008000880000800000000000000000000000000000800000000000000000800000
00000000000000080000000000000000000000000000000000000000000808000008880000008000000000088000880000080000000000008000880000800000000000000000000000000000800000000000000000800000
00000000000000080000000000000000000000000000000000000000000808000008088000008800000000080008800000088000000000068000880000800000000000000000000000000000800000000000000000800000
00000000000000880000000000000000000000000000000000000000048808000088008880000800000000080088000000008800000000000000880000800000000000000000000000000000800000000000000000800000
00000000000000800000000000000000000000000000000000000000000808000080000088888800000000088880000000000880000000000000880000800000000000000000000000000000800000000000000000800000
00000000000000800000000000000000000000000000000000000000018888888888888880000800000000888000000000000080000000000000880000800000000000000000000000000000800000000000000000800000
00000000000000800000000000000000000000000000000000000000000808000000000000000800000000888000000000006888000000000000880000800000000000000000000000000000800000000000000000800000
00000000000000800000000000000000000000000000000000000000078808000000000000000800000008800000000000000008000000000000880000800000000000000000000000000000800000000000000000800000
00000000000000800000000000000000000000000000000000000000000008000000000000000800000088000000000000000008800000000000880000800000000000000000000000000000800000000000000000800000
00000000000008800000000000000000000000000000000000000000000008000000000000000800000080000000000000000000800000000000880000800000000000000000000000000000800000000000000000800000
00000000000008000000000000000000000000000000000000000000000008000000000000000800000880000000000000000000888000000000880000800000000000000000000000000000800000000000000000800000
00000000000008000000000000000000000000000000000000000000000008000000000000000800000800000000000000000000808000000000880000800000000000000000000000000000800000000000000000800000
00000000000008000000000000000000000000000000000000000000000008888888888888888888888800000000000000000000808888888000880000800000000000000000000000000000800000000000000000800000
00000000000008000000000000000000000000000000000000000000000008008000800000000000888000000000000000000088808000008888880000800000000000000000000000000000800000000000000000800000
00000000000008000000000000000000000888888000000000000000000088008000700000000000088880000000000000000088008000008000080000800000000000000000000000000000800000000000000000800000
00000000000088000000000000000000000800008888888888888888888880008000000000000000080088000000000000000088008008888000080000800000000000000000000000000000800000000000000000800000
00000000000080000000000000000000000800000000000000000000000000008000000000000000080008880000000000000088008888000000083000800000000000000000000000000000800000000000000000800000
00000000000080000000000000000000000800000000000000000000000000008000000000000000080000088888000000000088000000000000080000800000000000000000000000000000800000000000000000800000
00000000000080000000000000000000000800000000000000000000000000008000000000000000880000000088800000000088000000000000080000800000000000000000000000000000800000000000000000800000
00000000000080000000000000000000000800000000000000000000000800008000000000000000800000000000888800000088000000000000080000800000000000000000000000000000800000000000000000800000
00000000000080000000000000000000000800000000000000000000000888808000000000000000800000000000000888000088000000000000080000800000000000000000000000000000800000000000000000800000
00000000000080000000000000000000006800000000000000000000000000888000000000000000800000000000000008888888000000000000080000800000000000000000000000000000800000000000000000800000
00000000000080000000000000000000000800000000000000000000000000008888800000000008800000000000000000000888000000000000080000800000000000000000000000000000800000000000000000800000
00000000000880000000000000000000000800000000000000000000000000000000888888888888888888888888888888888888888888888888880000800000000000000000000000000000800000000000000000800000
00000000000800000000000000000000000800000000000000000000000000000008800060000008000000000000000000000000000100000000000000800000000000000000000000000000800000000000000000800000
00000000003800000000000000000000000800000000000000000000000000000008000000000008000000000000000000000000000000000000000000800000000000000000000000000000800000000000000000800000
00000000000800000000000000000000000800000000000000000000000000000008000000000008000000000000000000000000000000000000000000800000000000000000000000000000800000000000000000800000
00000000000800000000000000000000000800000000000000000000000000000000000000000008000000000000000000000000000000000000000000800000000000000000000000000000800000000000000000800000
00000000008800000000000000000000000800000000000000000000000000000000000000000008000000000000000000000000000000000000000000800000000000000000000000000000800000000000000000800000
00000000008000000000000000000000000800000000000000000000000000000000000000000008000000000000000000000000000000000000000000800000000000000000000000000000800000000000000000800000
00000000008888888888888888888888888800086000000000000000000000000000000000000088000000000000000000000000000000000000000000800000000000000000000000000000800000000000000000800000
00000000000000000000000000000000000000080000000000000000000000000000000000000080000000000000000000000000000000000000000000800000000000000000000000000000800000000000000000800000
00000000000000000000000000000000000000080000000000000000000000000000000000000880000000000000000000000000000000000000000000800000000000000000000000000000800000000000000000800000
00000000000000000000000000000000000000088888888888888888888880000000000000000800000000000000000000000000000000000000000000800000000000000000000000000000800000000000000000800000
00000000000000000000000000000000000000000000000000000000000088000000000000008800000000000000000000000000000000000000000000800000000000000000000000000000800000000000000000800000
00000000000000000000000000000000000000000000000000000000000008800000000000008000000000000000000000000000000000000000000000800000000000000000000000000000800000000000000000800000
00000000000000000000000000000000000000000000000000000000000000800000000000008000000000000000000000000000000000000000000000800000000000000000000000000000800000000000000000800000
00000000000000000000000000000000000000000000000000000000000000888000000000088000000000000000000000000000000000000000000000800000000000000000000000000000800000000000000000800000
00000000000000000000000000000000000000000000000000000000000000008000000000080000000000000000000000000000000000000000000000800000000000000000000000000000800000000000000000800000
00000000000000000000000000000000000000000000000000000000000000008000000000080000000000000000000000000000000000000000000000800000000000000000000000000000800000000000000000800000
00000000000000000000000000000000000000000000000000000000000000008000000000080000000000000000000000000000000000000000000000800000000000000000000000000000800000000000000000800000
00000000000000000000000000000000000000000000000000000888800000888800000000080000000000000000000000000000000000000000000000800000000000000000000000000000800000000000000000800000
00000000000000000000000000000000000000000000000000000000888808800880000000080000000000000000000000000000000000000000000000800000000000000000000000000000800000000000000000800000
00000000000000000000000000000000000000000000000000000000000888000088000000080000000000000000000000000000000000000000000000888888888888888888888888888888888888888888888888880000
00000000000000000000000000000000000000000000000000000000000080000008800000080000000000000000000000000000000000000000000000800000000000000000000000000000000000000000000000080000
00000000000000000000000000000000000000000000000000000000008880000000880000080000000000000000000000000000000000000000000000800000000000000000000000000000000000000000000000080000
00000000000000000000000000000000000000000000000000000000088000000000088008888800000000000000000000000000000000000000000000888888888888888888888888888888888888888888888888880000
00000000000000000000000000000000000000000000000000000000080000000000008888000888600000000000000000000000000000000000000000000000000000000000000000000000000000000000000000080000
00000000000000000000000000000000000000000000000000000000880000000000000880000000000000000000000000000000000000000000000000000000000000000000000000000000000000000000000000080000
00000000000000000000000000000000000000000000000000000000800000000000000800000000000000000000000000000000000000000000000000000000000000000000000000000000000000000000000000080000
00000000000000000000000000000000000000000000000000000000800000000000008800000000000000000000000000000000000000000000000000000000000000000000000000000000000000000000000000080000
00000000000000000000000000000000000000000000000000000000800000000000008000000000000000000000000000000000000000000000000000000000000000000000000000000000000000000000000000080000
00000000000000000000000000000000000000000000000000000000800000000000088000000000000000000000000000000000000000000000000000000000000000000000000000000000000000000000000000080000
00000000000000000000000000000000000000000000000000000000888000000000080000000000000000000000000000000000000000000000000000000000000000000000000000000000000000000000000000080000
00000000000000000000000000000000000000000000000000000000008868888888880000000000000000000000000000000000000000000000000000000000000000000000000000000000000000000000000000080000
00000000000000000000000000000000000000000000000000000000000000000000000000000000000000000000000000000000000000000000000000000000000000000000000000000000000000000000000000580000
00000000000000000000000000000000000000000000000000000000000000000000000000000000000000000000000000000000000000000000000000000000000000000000000000000000000000000000000000000000
00000000000000000000000000000000000000000000000000000000000000000000000000000000000000000000000000000000000000000000000000000000000000000000000000000000000000000000000000000000
00000000000000000000000000000000000000000000000000000000000000000000000000000000000000000000000000000000000000000000000000000000000000000000000000000000000000000000000000000000
00000000000000000000000000000000000000000000000000000000000000000000000000000000000000000000000000000000000000000000000000000000000000000000000000000000000000000000000000000000
00000000000000000000000000000000000000000000000000000000000000000000000000000000000000000000000000000000000000000000000000000000000000000000000000000000000000000000000000000000
00000000000000000000000000000000000000000000000000000000000000000000000000000000000000000000000000000000000000000000000000000000000000000000000000000000000000000000000000000000
00000000000000000000000000000000000000000000000000000000000000000000000000000000000000000000000000000000000000000000000000000000000000000000000000000000000000000000000000000000
00000000000000000000000000000000000000000000000000000000000000000000000000000000000000000000000000000000000000000000000000000000000000000000000000000000000000000000000000000000
00000000000000000000000000000000000000000000000000000000000000000000000000000000000000000000000000000000000000000000000000000000000000000000000000000000000000000000000000000000
00000000000000000000000000000000000000000000000000000000000000000000000000000000000000000000000000000000000000000000000000000000000000000000000000000000000000000000000000000000
00000000000000000000000000000000000000000000000000000000000000000000000000000000000000000000000000000000000000000000000000000000000000000000000000000000000000000000000000000000
00000000000000000000000000000000000000000000000000000000000000000000000000000000000000000000000000000000000000000000000000000000000000000000000000000000000000000000000000000000
00000000000000000000000000000000000000000000000000000000000000000000000000000000000000000000000000000000000000000000000000000000000000000000000000000000000000000000000000000000
00000000000000000000000000000000000000000000000000000000000000000000000000000000000000000000000000000000000000000000000000000000000000000000000000000000000000000000000000000000
00000000000000000000000000000000000000000000000000000000000000000000000000000000000000000000000000000000000000000000000000000000000000000000000000000000000000000000000000000000
00000000000000000000000000000000000000000000000000000000000000000000000000000000000000000000000000000000000000000000000000000000000000000000000000000000000000000000000000000000
00000000000000000000000000000000000000000000000000000000000000000000000000000000000000000000000000000000000000000000000000000000000000000000000000000000000000000000000000000000
00000000000000000000000000000000000000000000000000000000000000000000000000000000000000000000000000000000000000000000000000000000000000000000000000000000000000000000000000000000
00000000000000000000000000000000000000000000000000000000000000000000000000000000000000000000000000000000000000000000000000000000000000000000000000000000000000000000000000000000
00000000000000000000000000000000000000000000000000000000000000000000000000000000000000000000000000000000000000000000000000000000000000000000000000000000000000000000000000000000
00000000000000000000000000000000000000000000000000000000000000000000000000000000000000000000000000000000000000000000000000000000000000000000000000000000000000000000000000000000
00000000000000000000000000000000000000000000000000000000000000000000000000000000000000000000000000000000000000000000000000000000000000000000000000000000000000000000000000000000
00000000000000000000000000000000000000000000000000000000000000000000000000000000000000000000000000000000000000000000000000000000000000000000000000000000000000000000000000000000
00000000000000000000000000000000000000000000000000000000000000000000000000000000000000000000000000000000000000000000000000000000000000000000000000000000000000000000000000000000
00000000000000000000000000000000000000000000000000000000000000000000000000000000000000000000000000000000000000000000000000000000000000000000000000000000000000000000000000000000
00000000000000000000000000000000000000000000000000000000000000000000000000000000000000000000000000000000000000000000000000000000000000000000000000000000000000000000000000000000
00000000000000000000000000000000000000000000000000000000000000000000000000000000000000000000000000000000000000000000000000000000000000000000000000000000000000000000000000000000
00000000000000000000000000000000000000000000000000000000000000000000000000000000000000000000000000000000000000000000000000000000000000000000000000000000000000000000000000000000
00000000000000000000000000000000000000000000000000000000000000000000000000000000000000000000000000000000000000000000000000000000000000000000000000000000000000000000000000000000
